agent0
3697 25.66656 24.71995
3698 25.6561 24.70176
3699 25.64339 24.68347
3700 25.6312 24.66603
3701 25.61921 24.64931
3702 25.6075 24.63106
3703 25.59273 24.61215
3704 25.57742 24.59367
3705 25.56278 24.57465
3706 25.5484 24.55543
3707 25.53458 24.53691
3708 25.52142 24.51922
3709 25.50804 24.50005
3710 25.49286 24.48232
3711 25.47824 24.4652
3712 25.46398 24.44838
3713 25.44873 24.43068
3714 25.43464 24.41168
3715 25.41903 24.39345
3716 25.40391 24.37506
3717 25.38945 24.35741
3718 25.37563 24.34051
3719 25.36213 24.32421
3720 25.34769 24.30663
3721 25.33322 24.28749
3722 25.3173 24.26953
3723 25.30141 24.25154
3724 25.28538 24.23368
3725 25.27085 24.21458
3726 25.2552 24.19638
3727 25.23913 24.17856
3728 25.2232 24.16061
3729 25.20837 24.14174
3730 25.192 24.12419
3731 25.17445 24.10782
3732 25.15723 24.0911
3733 25.14 24.0744
3734 25.12241 24.05807
3735 25.10504 24.04151
3736 25.08812 24.02449
3737 25.07025 24.00846
3738 25.05301 23.99177
3739 25.03569 23.97516
3740 25.01837 23.95854
3741 25.00154 23.94253
3742 24.98549 23.92735
3743 24.97017 23.91294
3744 24.95379 23.89825
3745 24.93813 23.88421
3746 24.92113 23.86956
3747 24.90362 23.85673
3748 24.88689 23.84444
3749 24.87082 23.83245
3750 24.85552 23.82099
3751 24.84207 23.80847
3752 24.82914 23.79651
3753 24.81688 23.78515
3754 24.80447 23.76986
3755 24.7923 23.75526
3756 24.77883 23.74201
3757 24.76584 23.7283
3758 24.75303 23.71474
3759 24.73976 23.70198
3760 24.72525 23.69077
3761 24.71128 23.67773
3762 24.69608 23.66431
3763 24.6816 23.65153
3764 24.66658 23.63713
3765 24.65261 23.62148
3766 24.63925 23.60659
3767 24.62649 23.59241
3768 24.61214 23.57893
3769 24.59779 23.5661
3770 24.58407 23.55391
3771 24.57094 23.54233
3772 24.55836 23.52911
3773 24.54416 23.51554
3774 24.53018 23.50253
3775 24.51595 23.48814
3776 24.50072 23.47225
3777 24.48505 23.45558
3778 24.46716 23.43958
3779 24.4494 23.42344
3780 24.43214 23.40676
3781 24.41481 23.39033
3782 24.39839 23.37282
3783 24.38093 23.35636
3784 24.36347 23.3399
3785 24.34604 23.3234
3786 24.32748 23.30818
3787 24.30996 23.29178
3788 24.29128 23.2767
3789 24.27236 23.26194
3790 24.25319 23.2475
3791 24.23403 23.23306
3792 24.21516 23.21822
3793 24.19632 23.20335
3794 24.17779 23.18811
3795 24.15978 23.17224
3796 24.14097 23.15733
3797 24.1222 23.14238
3798 24.10353 23.1273
3799 24.08438 23.11283
3800 24.06627 23.09708
3801 24.04987 23.07956
3802 24.03318 23.06231
3803 24.01673 23.04484
3804 23.99981 23.02781
3805 23.98221 23.01149
3806 23.96449 22.99531
3807 23.94683 22.97906
3808 23.92923 22.96274
3809 23.91122 22.94688
3810 23.8932 22.93103
3811 23.87407 22.91654
3812 23.85616 22.90056
3813 23.83728 22.88574
3814 23.81731 22.87243
3815 23.7979 22.85917
3816 23.77824 22.84565
3817 23.75923 22.83211
3818 23.74062 22.81878
3819 23.72116 22.80634
3820 23.70151 22.79323
3821 23.68206 22.77916
3822 23.66214 22.76577
3823 23.64305 22.75287
3824 23.62472 22.73882
3825 23.60707 22.72255
3826 23.58942 22.70629
3827 23.5713 22.69055
3828 23.55402 22.67389
3829 23.53664 22.65735
3830 23.51929 22.64076
3831 23.50199 22.62412
3832 23.48426 22.60796
3833 23.46665 22.59165
3834 23.44921 22.57516
3835 23.43084 22.55971
3836 23.41169 22.54525
3837 23.39282 22.53041
3838 23.37427 22.51519
3839 23.3559 22.49974
3840 23.33953 22.48219
3841 23.32321 22.46459
3842 23.3078 22.44838
3843 23.29313 22.43295
3844 23.27954 22.4165
3845 23.26405 22.3986
3846 23.24863 22.38066
3847 23.23191 22.36344
3848 23.2146 22.34692
3849 23.19807 22.33102
3850 23.18266 22.31399
3851 23.16724 22.2956
3852 23.15195 22.27726
3853 23.13768 22.25797
3854 23.12204 22.23976
3855 23.10719 22.22238
3856 23.09308 22.20578
3857 23.08114 22.18754
3858 23.06979 22.17018
3859 23.05738 22.15266
3860 23.04359 22.1361
3861 23.03036 22.12025
3862 23.01761 22.10498
3863 23.00527 22.09021
3864 22.99332 22.07598
3865 22.97982 22.06148
3866 22.96676 22.04757
3867 22.95386 22.03415
3868 22.94126 22.02103
3869 22.92905 22.00843
3870 22.91719 21.99632
3871 22.90571 21.98469
3872 22.89129 21.97045
3873 22.87733 21.95675
3874 22.86383 21.94358
3875 22.8485 21.9311
3876 22.83079 21.9149
3877 22.81313 21.89865
3878 22.7954 21.88248
3879 22.77672 21.86741
3880 22.75803 21.85235
3881 22.73926 21.83739
3882 22.71934 21.824
3883 22.69957 21.8104
3884 22.68175 21.79433
3885 22.66388 21.77831
3886 22.64527 21.76315
3887 22.62648 21.74822
3888 22.60781 21.73313
3889 22.58829 21.71918
3890 22.56898 21.70493
3891 22.54889 21.69179
3892 22.52877 21.67871
3893 22.50765 21.66731
3894 22.48655 21.65588
3895 22.4654 21.64453
3896 22.44438 21.63295
3897 22.42284 21.62237
3898 22.4016 21.61189
3899 22.38161 21.59876
3900 22.36194 21.585
3901 22.34269 21.57145
3902 22.32309 21.55763
3903 22.30455 21.54447
3904 22.28428 21.53214
3905 22.26322 21.52066
3906 22.24248 21.50859
3907 22.22176 21.49647
3908 22.20082 21.48475
3909 22.18076 21.47157
3910 22.16076 21.4583
3911 22.14176 21.44363
3912 22.12259 21.4292
3913 22.10392 21.41494
3914 22.08462 21.40074
3915 22.0661 21.38546
3916 22.04756 21.37022
3917 22.02883 21.35522
3918 22.01013 21.34018
3919 21.99056 21.32628
3920 21.97041 21.31371
3921 21.95064 21.30152
3922 21.92997 21.28999
3923 21.90989 21.27872
3924 21.89032 21.26766
3925 21.86862 21.25741
3926 21.84748 21.2474
3927 21.82549 21.2378
3928 21.80378 21.22757
3929 21.78208 21.21731
3930 21.7604 21.20702
3931 21.73823 21.19782
3932 21.71669 21.18722
3933 21.69538 21.1762
3934 21.6741 21.16509
3935 21.65314 21.15341
3936 21.63266 21.14187
3937 21.61194 21.12975
3938 21.5907 21.11857
3939 21.57022 21.10763
3940 21.55086 21.09713
3941 21.53255 21.08706
3942 21.51385 21.07603
3943 21.49463 21.06435
3944 21.47319 21.05356
3945 21.45246 21.043
3946 21.43219 21.03093
3947 21.41149 21.01998
3948 21.39118 21.00725
3949 21.37162 20.99492
3950 21.353 20.98298
3951 21.33327 20.97089
3952 21.31458 20.95915
3953 21.29534 20.9467
3954 21.27714 20.93466
3955 21.25962 20.92291
3956 21.24098 20.90911
3957 21.22323 20.89575
3958 21.20618 20.88044
3959 21.19017 20.86371
3960 21.17431 20.84686
3961 21.15839 20.8289
3962 21.14232 20.81108
3963 21.12635 20.79317
3964 21.11095 20.77568
3965 21.09429 20.7584
3966 21.07866 20.7402
3967 21.0633 20.72199
3968 21.04671 20.70465
3969 21.03008 20.68734
3970 21.01388 20.66964
3971 20.99765 20.65195
3972 20.98171 20.63401
3973 20.96642 20.61551
3974 20.95018 20.59784
3975 20.93282 20.58127
3976 20.91545 20.56471
3977 20.89817 20.54805
3978 20.88086 20.53143
3979 20.86476 20.51363
3980 20.84796 20.49649
3981 20.83097 20.47954
3982 20.81439 20.46219
3983 20.79853 20.44418
3984 20.78259 20.42624
3985 20.76663 20.40831
3986 20.74969 20.39131
3987 20.73272 20.37433
3988 20.71569 20.35743
3989 20.69852 20.34066
3990 20.68245 20.32283
3991 20.66691 20.30566
3992 20.65082 20.28785
3993 20.63476 20.27002
3994 20.61869 20.25219
3995 20.60262 20.23437
3996 20.5856 20.21744
3997 20.5686 20.2005
3998 20.55183 20.18333
3999 20.53506 20.16616
4000 20.51829 20.14899

